Rat populations from P.H. Leslie

prob_survival_vector = [0.94697,0.99665, 0.99926, 0.99899,
 0.99863, 0.99817, 0.99753, 0.99667, 0.99553, 0.99399,
  0.99196, 0.98926, 0.98572, 0.98107, 0.97511, 0.96748,
   0.95797, 0.94631, 0.93247, 0.91649]
fecundity_vector= [0, 0, 0.3964, 1.4939, 2.1777, 2.5250,
2.6282, 2.6749, 2,6018, 2.4419, 2.1865, 1.9044, 1.7259,
1.4918, 1.2415,0.9522, 0.74141, 0.4618, 0.2518, 0.0901, 0.0035]

fecundity_vector2 = [0, 0, 0.3741, 1.4089, 2.0517, 2.3756,
2.4682, 2.5059, 2.4293, 2.2698, 2.0202, 1.7454, 1.5648,
1.3332, 1.0885, 0.74141, 0.4618, 0.2518, 0.0035]


initial_population_vector = [37440, 22595, 14417, 9227, 5903,
3775, 2413, 1542, 984, 627, 399, 254, 161, 101, 64, 40, 25,
15, 9, 6, 3]
